1.000000000000000000e+01
1.000000000000000000e+01
1.000000000000000000e+01
1.000000000000000000e+01
1.000000000000000000e+01
1.000000000000000000e+01
1.000000000000000000e+01
1.000000000000000000e+01
1.000000000000000000e+01
1.000000000000000000e+01
1.000000000000000000e+01
1.000000000000000000e+01
0.000000000000000000e+00
2.141796104576142723e-01
2.637765515969233698e-01
0.000000000000000000e+00
0.000000000000000000e+00
1.000000000000000000e+01
3.338441142135457618e-01
0.000000000000000000e+00
