1.000000000000000000e+01
1.000000000000000000e+01
1.000000000000000000e+01
1.000000000000000000e+01
1.000000000000000000e+01
1.000000000000000000e+01
1.000000000000000000e+01
1.000000000000000000e+01
1.000000000000000000e+01
0.000000000000000000e+00
1.000000000000000000e+01
9.452632705071252195e-01
1.191236356287146414e-01
0.000000000000000000e+00
3.493453333555162754e-03
5.294172874748542118e-02
0.000000000000000000e+00
0.000000000000000000e+00
0.000000000000000000e+00
0.000000000000000000e+00
