1.000000000000000000e+01
1.000000000000000000e+01
1.000000000000000000e+01
1.000000000000000000e+01
1.000000000000000000e+01
1.000000000000000000e+01
1.000000000000000000e+01
1.000000000000000000e+01
0.000000000000000000e+00
1.000000000000000000e+01
1.000000000000000000e+01
0.000000000000000000e+00
1.717673691140758907e-01
6.996874262385407439e-01
0.000000000000000000e+00
0.000000000000000000e+00
9.566802557551559727e-02
0.000000000000000000e+00
4.138868218869657944e-01
0.000000000000000000e+00
