1.000000000000000000e+01
1.000000000000000000e+01
1.000000000000000000e+01
1.000000000000000000e+01
1.000000000000000000e+01
1.000000000000000000e+01
1.000000000000000000e+01
1.000000000000000000e+01
0.000000000000000000e+00
0.000000000000000000e+00
2.728082236272592609e-01
2.918564185979285464e-01
0.000000000000000000e+00
0.000000000000000000e+00
4.486988900906708211e-01
0.000000000000000000e+00
2.162960133639891536e-01
0.000000000000000000e+00
2.956229013934003613e-01
0.000000000000000000e+00
