1.000000000000000000e+01
1.000000000000000000e+01
1.000000000000000000e+01
1.000000000000000000e+01
1.000000000000000000e+01
1.000000000000000000e+01
1.000000000000000000e+01
0.000000000000000000e+00
1.000000000000000000e+01
1.000000000000000000e+01
0.000000000000000000e+00
4.101203390914945901e-01
5.002714360856499454e-01
1.615978158109675933e+00
0.000000000000000000e+00
0.000000000000000000e+00
0.000000000000000000e+00
1.672415436558770396e-01
2.315652650932631673e-01
0.000000000000000000e+00
