1.000000000000000000e+01
1.000000000000000000e+01
1.000000000000000000e+01
1.000000000000000000e+01
1.000000000000000000e+01
0.000000000000000000e+00
0.000000000000000000e+00
0.000000000000000000e+00
1.000000000000000000e+01
4.474412919370831521e-01
2.398019271591319834e-01
0.000000000000000000e+00
0.000000000000000000e+00
0.000000000000000000e+00
1.925490423086451131e-01
5.015085132072719665e-01
0.000000000000000000e+00
1.094973847048626020e-01
1.228546625502848627e-01
2.651197351433893235e-01
