1.000000000000000000e+01
1.000000000000000000e+01
1.000000000000000000e+01
1.000000000000000000e+01
1.000000000000000000e+01
1.000000000000000000e+01
0.000000000000000000e+00
0.000000000000000000e+00
0.000000000000000000e+00
1.000000000000000000e+01
1.000000000000000000e+01
1.477560746243514744e-01
1.336519460284112171e+00
1.000000000000000000e+01
3.045985461171242248e-01
0.000000000000000000e+00
1.037276565432239339e+00
0.000000000000000000e+00
0.000000000000000000e+00
0.000000000000000000e+00
