1.000000000000000000e+01
1.000000000000000000e+01
1.000000000000000000e+01
1.000000000000000000e+01
1.000000000000000000e+01
1.000000000000000000e+01
1.000000000000000000e+01
1.000000000000000000e+01
1.000000000000000000e+01
0.000000000000000000e+00
0.000000000000000000e+00
2.787843370305932433e-01
0.000000000000000000e+00
0.000000000000000000e+00
3.016170041568939225e-02
0.000000000000000000e+00
1.455986900288957164e+00
4.777382938733990003e-01
0.000000000000000000e+00
0.000000000000000000e+00
